ACURA      INTEGRA-RS   9948  11148  9.3 17.0 120 258 V 64.1 .79 70 24.5   1
ACURA      LEGEND-SDN  19298  19298  8.1 16.4 129 283 G 61.9 .77 68 20.5   2
ACURA      LEGEND-CPE  22000  22000  7.7 16.0 130 274 G 63.0 .77 68 19.5   3
ALFA-ROMEO MILANO-VER  19800  20895  7.5 15.8 136 253 V 59.8 .79 72 21.0   4
AUDI       90-QUATTRO  27720  27820  9.5 17.0 128 249 E   .  .79  . 21.0   5
AUDI       5000        18660  18660 11.6 18.4 113 291 G 60.9 .73 68 24.5   6
BMW        325IS       28400  28400  7.5 15.7 133 263 V   .  .79 70 20.5   7
BMW        325IX       32800  33175  7.9 15.9 127 253 E 63.7 .77 71 20.0   8
BMW        M3          34000  34000  7.1 15.4 143 239 E 63.9 .82 75 20.5   9
BMW        635CSI      43055  43705  8.5 16.3 131 263 V 59.9 .80 73 17.5  10
BMW        735I        48500  49740  9.3 17.0 137 245 E 59.1 .77 68 18.0  11
BMW        750IL       67000  68850  6.9 15.2 155 236 E 60.1 .79 65 16.0  12
BUICK      REATTA      27000  27800  8.9 16.8 125 273 V 62.1 .80 72 16.6  13
BUICK      REGAL-CSTM  12449  16142 11.2 18.2   . 304 F 63.5 .78 70 20.5  14
CADILLAC   ALLANTE     56533  56632  9.5 17.2 119 257 V 61.0 .77 68 17.1  15
CHEVROLET  BERETTA-GT   9470  12867  8.3 16.3 115 286 G 62.4 .81 73 20.0  16
CHEVROLET  CAMAROIROC  12819  18096  6.6 14.9 150 266 G 63.0 .87 77 16.7  17
CHEVROLET  CAVALIRZ24   8878  11213  8.5 16.7 113 274 G 64.8 .83 71 22.0  18
CHEVROLET  CORVETCONV  34820  38352  6.0 14.6 158 225 E 64.5 .87 76 19.3  19
CHEVROLET  CORVETTZ51  29480  34034  6.0 14.6 158   . E 64.4 .89  . 17.5  20
CHEVROLET  NOVATWINCM  11395  12070  8.9 16.7 110 271 G 62.3 .74 73 26.5  21
CHEVROLET  SPRINT4DR    6585   8123 14.6 19.2   . 290 F 57.2 .72 75 37.5  22
CHRYSLER   LEBARONCPE  12288  16154  8.8 16.8 120 276 V 61.5 .78 72 20.5  23
DAIHATSU   CHARADECLX   7650   9045 15.2 19.5   . 280 F 56.5 .71 73 36.5  24
EAGLE      PREMIERES   14079  15916 10.5 17.7 125 280 G 64.1 .78 72 19.0  25
FERRARI    GTO             .      .  5.0 14.1 180 240 ?   .  .    . 13.5  26
FERRARI    TESSTAROSS 102500 102500  5.3 13.4 181 242 ? 61.9 .87  . 12.0  27
FERRARI    3.2MONDIAL  69500  69500  7.1 15.3 145 250 ? 61.5 .84  .   .   28
FERRARI    328GTS      78850  78850  6.7 15.0 149 234 E 62.9 .87 78 18.2  29
FERRARI    412             .      .  6.7 15.0 147 230 ? 60.9 .82  .   .   30
FORD       FESTIVAL     5765   5765 10.2 17.8  95 286 G   .  .69 76 37.0  31
FORD       MUSTANGGT   12745  14575  6.4 15.0 142 307 F 65.3 .81 73 16.0  32
FORD       PROBEGT     15000      .  7.3 15.6 131 245 E   .  .80 68 20.0  33
FORD       TAURUS3.8   15295  17658  9.3 17.2 115 273 G 62.1 .75 69 17.5  34
FORD       TBIRDTRBCP  16600  17416  8.5 16.3 131 243 V 61.2 .79 71 17.0  35
HONDA      CRXSI       10300  10975  8.2 16.4 125 258 V 62.9 .78  . 31.0  36
HONDA      2.0SI4WS    16700  18100  9.3 16.8 127 252 V 65.5 .81 71 22.0  37
HYUNDAI    EXCELGL      4995   6965 14.0 19.4   . 291 F 60.2 .73 74 29.9  38
ISUZU      IMARKRSTRB   9829  10559  8.9 16.8   . 248 E 61.8 .81 73 23.0  39
ISUZU      IMPLUSETRB  13499  13920  8.5 16.4   . 278 ? 62.3 .75 72 26.0  40
JAGUAR     XJ6         39500  39500 11.5 18.3 130 258 E 56.5 .73  . 17.5  41
JAGUAR     XJSC        41500  42800  8.8 16.7 141 283 V 61.8 .73 70 13.0  42
LAMBORGHIN COUNTACH   118000 118000  5.2 13.7 173 252 V 64.3 .88 83 10.0  43
LINCOLN    MARKVIILSC  23980  24281  8.4 16.6   . 277 ? 59.1 .74 68 16.0  44
LOTUS      ESPRITTURB  62500  62500  5.8 14.3 152 256 V 63.4 .82 76 17.0  45
MASERATI   BITURBOAUT  28193  28193  7.3 15.6   . 291 ? 60.1 .77 72 15.0  46
MAZDA      RX-7CONVER  20500  23759  9.7 17.5 125 245 V 63.3 .82 73 16.0  47
MAZDA      RX-7GTU     18150  20100  8.5 16.5 128 260 V 64.0 .80 74 21.0  48
MAZDA      RX-7TURB10  24650  24738  6.7 15.1 140 256 V 64.6 .83 73 16.5  49
MAZDA      323GTX      12999  14890  8.7 16.7 119 275 G 64.7 .78 73 21.5  50
MAZDA      MX-6        14499  15988  7.5 15.7 131 248 V 62.1 .76 74 20.0  51
MAZDA      929         19850  23969 10.0 17.5 121 247 V 58.7 .73 70 18.5  52
MERCEDES   190E2.3     23160  25615  9.9 17.5 114 262 E 58.8 .77 69 22.0  53
MERCEDES   300E        34250  35375  7.5 16.0 140 246 E 62.4 .81 68 22.0  54
MERCEDES   420SEL      56450  57500  8.7 16.7 131 265 V 57.5 .78 69 16.0  55
MERCEDES   560SEC      62530  64030  7.0 15.5 145 267 E 57.8 .77 67 14.5  56
MERCEDES   560SL       62675  63975  6.8 15.2 137 231 E 60.1 .78 68 16.3  57
MERCURY    SABLELS     12574  15562 11.7 18.7 115 317 P 59.4 .73 71 19.8  58
MERCURY    TRACER       8499   9174 10.3 17.6 105 308 F 59.9 .72  . 33.0  59
MERKUR     SCORPIO     23500  26000 10.1 17.5 130 250 E 59.4 .75 70 21.0  60
MITSUBISHI CORDIATURB  11329  12305  8.5 16.5 115 282 V 62.0 .76 72 19.4  61
MITSUBISHI MIRAGETURB  11619  12877  8.0 16.2 125 243 V 64.5 .79 72 21.0  62
MITSUBISHI STARIONESI  17300  17300  8.3 16.2   . 260 ? 64.6 .83 74 18.5  63
NISSAN     PULSARNXSE  12000  13050 10.3 17.8 115 246 V 63.8 .81 73 24.0  64
NISSAN     SENTRASPCP   9699  10369 13.3 19.0 100 264 V 60.7 .83 74 27.0  65
NISSAN     240SX       13000  14500  8.8 16.5 125 252 V 64.1 .82 71 25.0  66
NISSAN     300ZX2+2    20649  23099  8.8 16.5 125 273 F 61.4 .79 71 19.8  67
OLDSMOBILE CUTLASSINT  15644  17153 11.4 18.3   . 283 F 62.8 .82 71 20.5  68
PEUGEOT    505STX      23750  23750  9.8 17.2 125 244 E 59.4 .77 72 24.0  69
PEUGEOT    505TURBO    18740  19415  8.9 16.8   . 270 ? 60.2 .79 72 18.5  70
PLYMOUTH   HORIZON      5499   6662 10.2 17.7   . 335 P 62.0 .73 73 24.5  71
PONTIAC    BONNEVILLE  16299  18104  9.5 17.2 115 292 F 61.2 .   70 18.0  72
PONTIAC    FIEROFORMU  11000  13000  8.0 16.0 125 268 G 63.9 .83 74 17.2  73
PONTIAC    FIREBRDGTA  13259  18358  7.1 15.5 145 281 G 63.8 .84 74 14.8  74
PONTIAC    GRNDPRIXSE  15249  16261  9.7 17.1   . 282 F 63.8 .81 73 21.5  75
PONTIAC    LEMANS       7300   8250 12.1 18.7 100 302 F 59.1 .73 73 30.5  76
PORSCHE    924S        24935  26837  8.5 16.4 128 261 G 61.9 .78 74 19.8  77
PORSCHE    944         29100  32221  8.7 16.6 121 248 V 64.4 .79 75 21.2  78
PORSCHE    944S        34580  37701  8.0 16.2 131 252 V 62.8 .83 74 19.0  79
PORSCHE    944TURBO    37335  40456  6.6 15.1 149 237 E 61.8 .80 73 16.2  80
PORSCHE    944TURBOS   47432  48060  5.5 14.2 162 232 E 65.1 .89 73 18.5  81
PORSCHE    911CABRIO   52895  60576  6.5 15.0 149 237 E 64.5 .88 78 22.5  82
PORSCHE    911CLUBSPR  45895  46643  5.7 14.3 149 260 V 61.6 .84 78 18.0  83
PORSCHE    911TURBO    48000  49142  5.0 13.4 153 245 ?   .  .84 78 17.0  84
PORSCHE    928S4       58900  62261  5.5 13.9 165 234 E 62.6 .   71 16.0  85
ROVER      RANGE       30825  30825  12.6 19.0 90 316 P 55.0 .66 71 13.5  86
RUF        3.4TURBO   132000 150000  4.5 13.0 158 243 ?   .  .    .   .   87
SAAB       9000        21945  21945  7.6 15.6 124 271 G 59.8 .78 68 21.0  88
STERLING   825SL       19000  24195 10.0 17.6 129 246 E 62.8 .78 71 19.5  89
SUBARU     JUSTYGL      6666   7572 11.1 18.2   . 272 G 59.6 .73 75 29.5  90
SUBARU     JUSTY4WDGL   7266   8097 12.0 18.5   .   . G 60.4 .70  . 29.9  91
SUBARU     XT64WD      16956  17033  9.2 16.7   .   . V 63.0 .78  . 24.4  92
TOYOTA     CELICAGTS   13698  16403  8.6 16.5 123 274 V 61.1 .81 71 20.2  93
TOYOTA     CELICAALTR  20000  22540  7.7 15.6 134 263 E 63.3 .82 73 20.0  94
TOYOTA     COROLLFX16  10668  13378  9.2 17.0 105 254 V 62.5 .80 74 25.5  95
TOYOTA     MR2         10999  13174  8.4 16.5 121 252 E 63.2 .85 73 26.4  96
TOYOTA     MR2SPRCHRG  17500  17500  7.0 15.3 135 258 V 64.0 .80  . 21.1  97
TOYOTA     SUPRA       19990  23112  7.9 16.0 130 259 E 61.7 .86 70 19.0  98
TOYOTA     TERCELDX     6378   8248 11.4 18.3   . 294 F 60.6 .69 72 28.2  99
VOLKSWAGEN FOXGL        6490   7730 10.8 18.0 100 287 G 60.8 .    . 25.0 100
VOLKSWAGEN GTI16V      12995  15315  8.5 16.5 122 258 V 64.0 .83 75 24.0 101
VOLKSWAGEN JETTAGLI16  13725  16255  8.8 16.6 121 249 V 64.3 .82 73 24.0 102
VOLKSWAGEN QUANTMGL5S  20705  20705  9.8 17.4   .   . V 60.0 .78  . 21.5 103
VOLKSWAGEN SCIROCCO16  11980  13565  7.7 16.1 125 257 V 64.3 .80 76 25.6 104
VOLVO      740TURBWGN  21340  21340  8.4 16.6 115 263 V 57.2 .75 69 24.0 105
